#time0row7[msb-lsb],time0row6[msb-lst],....,time0row0[msb-lst]#
#time1row7[msb-lsb],time1row6[msb-lst],....,time1row0[msb-lst]#
#................#
00100000001000000000000000000000
00100000001100000000000000000000
00010000001100000000000000000000
00000000000000000000000000000000
00000000000000000000000000000000
00010000000000000000000000000000
00100000000100000000000000000000
00100000001000000000000000000000
00010000001100000000000000000000
00100000001100000000000000000000
00100000001100000000000000000000
00100000001100000000000000000000
00100000001100000000000000000000
00100000001100000000000000000000
00100000001100000000000000000000
00010000001100000000000000000000
00010000001000000000000000000000
00010000000100000000000000000000
00100000000100000000000000000000
00100000001000000000000000000000
00100000001000000000000000000000
00100000000100000000000000000000
00100000000100000000000100000000
00010000000100000000000100000000
00010000000000000000000000000000
00000000000000000000000000000000
00010000000000000000000000000000
00010000000000000000000000000000
00010000000000000000000000000000
00010000000000000000000000000000
00100000000000000000000000000000
00100000000000000000000100000000
00100000001000000000000100000000
00100000001000000000000000000000
00100000001000000000000000000000
00100000001000000000000000000000
00010000001000000000000000000000
00000000000000000000000000000000
00000000000000000000000000000000
00010000000000000000000000000000
00100000000000000000000000000000
00100000001000000000000000000000
00100000001100000000000000000000
00100000001100000000000000000000
00100000001100000000000000000000
00100000001100000000000000000000
00100000001100000000000000000000
00100000001100000000000000000000
00100000001100000000000000000000
00100000001100000000000000000000
00010000001000000000000000000000
00010000001000000000000000000000
00100000000100000000000000000000
00100000000000000000000000000000
00100000000100000000000000000000
00100000000000000000000100000000
00100000000000000000000100000000
00010000000000000000000100000000
00000000000000000000000000000000
00000000000000000000000000000000
00010000000000000000000000000000
00010000000000000000000000000000
00010000000000000000000000000000
00010000000000000000000000000000